1718630394802 0.017702013974520116 0
1718630436240 0.005666920158600338 1
1718630477336 0.00540660527593346 2
1718630518722 0.00535265486318683 3
1718630560671 0.0051017301942291975 4
1718630602896 0.005020637131298595 5
1718630644724 0.004950886275378679 6
1718630685994 0.00489948220899812 7
1718630727735 0.0047135700904616515 8
1718630767003 0.004673559029644201 9
1718630807901 0.004784025943043809 10
1718630848807 0.004570656004318848 11
1718630888056 0.00461345925557476 12
1718630927978 0.00450938425378825 13
1718630969319 0.004487746762846577 14
1718631008762 0.0043644837722615175 15
1718631049438 0.004463414223523732 16
1718631089705 0.004368961866492098 17
1718631129796 0.004326224543691434 18
1718631171461 0.004337047770703466 19
1718631212774 0.00429386834730518 20
1718631252510 0.0043731516183093755 21
1718631293626 0.004156087185535155 22
1718631334245 0.004204562506798149 23
1718631375041 0.004125839672347641 24
1718631415051 0.004077564341782743 25
1718631455324 0.004100329163002152 26
1718631495703 0.004045171416099454 27
1718631535638 0.003848474480298461 28
1718631577005 0.00390196386714251 29
1718631616955 0.0037744823423431903 30
1718631656585 0.0038904153390600937 31
1718631697201 0.0038196594712447745 32
1718631737961 0.0038557655671063885 33
1718631779136 0.003944428606391062 34
1718631818393 0.0038573996953687887 35
1718631858593 0.0037953624666901796 36
1718631900254 0.003858146037679773 37
1718631941214 0.0038788940372885094 38
1718631981089 0.0037735079517458763 39
1718632021858 0.0038588590722991724 40
1718632062838 0.0038446220673167874 41
1718632103088 0.003937041580353496 42
1718632145160 0.003957073299662433 43
1718632185444 0.003788376435111184 44
1718632225567 0.003802005178541528 45
1718632266526 0.003829678425006787 46
1718632306059 0.0038450625537410936 47
1718632346654 0.0038478532801829762 48
1718632387785 0.003703482748344981 49
