1718641469476 0.01864582916221857 0
1718641509449 0.0055424137087345384 1
1718641549619 0.005243169246304493 2
1718641588781 0.004989227278971741 3
1718641628736 0.0047482899547204305 4
1718641669164 0.004838141333944041 5
1718641710140 0.0048861330840459325 6
1718641749888 0.004576059027740666 7
1718641788330 0.004650217105567284 8
1718641826554 0.004610737480211716 9
1718641866254 0.00466572238179182 10
1718641904182 0.004429889385605909 11
1718641943261 0.004447523935864199 12
1718641982374 0.004432373074384029 13
1718642021744 0.004322716252169503 14
1718642061364 0.004346917842458254 15
1718642099409 0.0043343699375598815 16
1718642138852 0.0043067873057479845 17
1718642177682 0.004264347389985786 18
1718642216713 0.00421359310897674 19
1718642255098 0.004118937819054758 20
1718642294264 0.004171251774242794 21
1718642332096 0.0041117560826740614 22
1718642370093 0.004030934264262285 23
1718642409069 0.003970268275217525 24
1718642448610 0.004002022367181281 25
1718642488572 0.00402608233606362 26
1718642528051 0.003940772897928092 27
1718642567169 0.003988152707213894 28
1718642606510 0.00402024621465424 29
1718642646478 0.0039352702649721825 30
1718642685489 0.0038670330773986484 31
1718642724130 0.003920766282833523 32
1718642763019 0.0038799804588794304 33
1718642802944 0.003718692544029208 34
1718642841730 0.0036567770762621988 35
1718642880469 0.0035889474493934798 36
1718642918813 0.0036172696833524334 37
1718642958122 0.0035641568951644336 38
1718642997137 0.003561587837979824 39
1718643036057 0.003586259310710478 40
1718643075305 0.003551542770715425 41
1718643114312 0.003592332364223267 42
1718643152115 0.0036028509635040212 43
1718643191232 0.0036880020600674095 44
1718643230084 0.0036493798873365423 45
1718643269951 0.0036299553936587152 46
1718643308158 0.0036433756164162908 47
1718643347467 0.003613156470214466 48
1718643388290 0.003626938414008394 49
