1718615829182 0.01864582916221857 0
1718615873525 0.0055424137087345384 1
1718615912694 0.005243169246304493 2
1718615949994 0.004989227278971741 3
1718615987678 0.0047482899547204305 4
1718616026193 0.004838141333944041 5
1718616064941 0.0048861330840459325 6
1718616103779 0.004576059027740666 7
1718616141537 0.004650217105567284 8
1718616179162 0.004610737480211716 9
1718616217283 0.00466572238179182 10
1718616253908 0.004429889385605909 11
1718616291488 0.004447523935864199 12
1718616329152 0.004432373074384029 13
1718616367065 0.004322716252169503 14
1718616405380 0.004346917842458254 15
1718616441888 0.0043343699375598815 16
1718616479822 0.0043067873057479845 17
1718616517021 0.004264347389985786 18
1718616554718 0.00421359310897674 19
1718616591961 0.004118937819054758 20
1718616629939 0.004171251774242794 21
1718616666612 0.0041117560826740614 22
1718616703284 0.004030934264262285 23
1718616740845 0.003970268275217525 24
1718616779048 0.004002022367181281 25
1718616817419 0.00402608233606362 26
1718616855414 0.003940772897928092 27
1718616892900 0.003988152707213894 28
1718616930825 0.00402024621465424 29
1718616969445 0.0039352702649721825 30
1718617006872 0.0038670330773986484 31
1718617044033 0.003920766282833523 32
1718617081561 0.0038799804588794304 33
1718617119706 0.003718692544029208 34
1718617157286 0.0036567770762621988 35
1718617194401 0.0035889474493934798 36
1718617231376 0.0036172696833524334 37
1718617269180 0.0035641568951644336 38
1718617306692 0.003561587837979824 39
1718617344271 0.003586259310710478 40
1718617382130 0.003551542770715425 41
1718617419604 0.003592332364223267 42
1718617456018 0.0036028509635040212 43
1718617493723 0.0036880020600674095 44
1718617531109 0.0036493798873365423 45
1718617569422 0.0036299553936587152 46
1718617606458 0.0036433756164162908 47
1718617644470 0.003613156470214466 48
1718617681402 0.003626938414008394 49
