1718622420970 0.017987756553462086 0
1718622464461 0.005761032609337324 1
1718622507649 0.0054730743664605785 2
1718622551073 0.005369087562318232 3
1718622593790 0.005224117880242954 4
1718622637441 0.005068445488418385 5
1718622681305 0.005017095383808007 6
1718622725638 0.004836797285136495 7
1718622769003 0.004880656817069418 8
1718622813071 0.004802576902727575 9
1718622856578 0.00478740703548793 10
1718622899309 0.0047007795225542486 11
1718622943221 0.0045715915011275135 12
1718622987100 0.004628325050310867 13
1718623030220 0.004547355039615881 14
1718623074732 0.0045270350324643546 15
1718623117125 0.004376208808854034 16
1718623159944 0.00441236423856241 17
1718623201652 0.004409251180506376 18
1718623246053 0.004455866568879557 19
1718623289718 0.0042634619081581785 20
1718623334511 0.004451879485810991 21
1718623378150 0.004482369792210671 22
1718623421153 0.004420248247528824 23
1718623463395 0.004218354072634603 24
1718623507719 0.00441313227382637 25
1718623552349 0.004224674678535084 26
1718623595592 0.00419428085349837 27
1718623637937 0.004232564202392706 28
1718623681376 0.004270373420361824 29
1718623725035 0.004093408721467352 30
1718623769582 0.004274985815624105 31
1718623812255 0.004127236017406318 32
1718623855527 0.004083011210008087 33
1718623898536 0.004035495473589024 34
1718623943226 0.004121117728071776 35
1718623986948 0.004080358553300413 36
1718624030097 0.004064356888308006 37
1718624073435 0.004045420503782497 38
1718624116229 0.003984866792953035 39
1718624161259 0.004056150203714784 40
1718624205023 0.0040579237698023605 41
1718624248567 0.004002017866814631 42
1718624292339 0.0040065036544426 43
1718624334557 0.003831409808303271 44
1718624378935 0.0038222903148154973 45
1718624422889 0.003712779386115621 46
1718624466639 0.0036688218937215105 47
1718624510804 0.003704933966288389 48
1718624554087 0.0037044546664102467 49
