1718638621487 0.018597080507108024 0
1718638668397 0.005800119906743721 1
1718638715491 0.005696056001471393 2
1718638762725 0.005608610658275417 3
1718638816632 0.0052645153007702655 4
1718638864226 0.005111629274165228 5
1718638911738 0.005118754746773952 6
1718638959168 0.0049993850375362435 7
1718639008648 0.005006989624206512 8
1718639057473 0.00496459549661367 9
1718639107958 0.00489954606119746 10
1718639157715 0.004822396739933913 11
1718639205827 0.004711278093698323 12
1718639255330 0.004725466600702837 13
1718639311394 0.004696581157683767 14
1718639366326 0.004727533812498752 15
1718639419993 0.004568285051888674 16
1718639475892 0.0045082981678838865 17
1718639528712 0.004431056981746497 18
1718639582304 0.004474910422060662 19
1718639636496 0.004550378604513622 20
1718639691858 0.00445476526260832 21
1718639744328 0.004380588426390617 22
1718639795602 0.004465581118176523 23
1718639847344 0.0044239011054393864 24
1718639897870 0.0043455520032121275 25
1718639947894 0.004346521102680822 26
1718639997712 0.00428191711689229 27
1718640048002 0.004166160478799673 28
1718640096732 0.00408425636422636 29
1718640146747 0.003986676825966446 30
1718640195265 0.003991391111939492 31
1718640244939 0.004087647885988661 32
1718640297452 0.004126096680406284 33
1718640350253 0.003989840787841004 34
1718640397989 0.004053848848169268 35
1718640443362 0.0040589010727962085 36
1718640490111 0.004103101449496797 37
1718640537295 0.004171739426326155 38
1718640584830 0.004071766964445732 39
1718640632030 0.0041206089714586345 40
1718640678907 0.003997768977138699 41
1718640726973 0.004064679176620402 42
1718640774768 0.004097751012839722 43
1718640820795 0.004027585404580066 44
1718640868593 0.00405945913419678 45
1718640915787 0.004015330824246587 46
1718640962309 0.004038000205136773 47
1718641007328 0.004059044922565602 48
1718641052169 0.004032222929390999 49
